M1=100;
M2=60;
b=50;
K1=50;
K12=200;